Código do aminoácido	Nome completo	Número de ocorrências	Posições
M	Metionina	10	1,55,147,162,181,244,253,294,331,355
S	Serina	16	2,3,13,49,90,95,100,127,145,154,179,206,209,227,259,313
V	Valina	23	4,38,52,63,78,84,93,94,124,169,173,175,205,229,263,280,284,289,326,342,365,372,373
T	Treonina	24	5,23,39,69,79,113,139,140,143,148,151,170,180,189,192,198,207,213,242,320,330,344,362,368
G	Glicina	28	6,16,18,42,47,50,60,81,97,98,99,115,116,119,123,142,183,193,220,235,252,261,271,272,279,304,311,341
F	Fenilalanina	11	7,14,15,135,150,182,255,273,310,347,367
Y	Tirosina	13	8,26,32,66,121,204,232,246,249,262,274,380,382
I	Isoleucina	28	9,12,27,37,43,46,65,75,92,96,108,118,137,152,153,160,164,165,201,212,221,224,306,321,333,349,375,376
P	Prolina	17	10,11,41,71,73,133,171,178,185,186,211,277,287,297,317,334,364
E	Ácido glutâmico	26	17,21,22,57,58,87,91,117,122,146,156,157,202,226,248,291,305,315,318,319,339,345,348,352,370,381
A	Alanina	49	19,24,35,44,45,64,76,80,101,105,107,109,112,130,131,136,141,144,163,172,174,187,190,191,196,203,208,215,217,230,231,240,247,251,254,258,265,267,283,292,299,307,312,323,351,354,358,374,379
L	Leucina	33	20,36,48,56,61,82,85,110,111,132,134,184,188,194,197,218,223,228,250,260,266,270,276,285,286,303,308,324,327,337,340,350,361
D	Ácido aspártico	17	25,31,40,67,103,120,166,177,195,214,222,234,237,243,316,346,357
K	Lisina	28	28,30,33,34,54,68,83,86,106,128,129,158,159,161,219,233,236,238,239,298,300,301,322,338,343,369,377,378
N	Asparagina	24	29,62,72,74,77,89,104,114,125,138,155,167,168,176,210,225,256,257,282,293,328,332,336,363
R	Arginina	7	51,59,149,241,302,329,335
Q	Glutamina	10	53,70,88,126,269,290,295,314,366,371
H	Histidina	12	102,199,264,268,275,278,288,309,325,353,356,360
C	Cisteína	6	200,216,245,281,296,359
