Código do aminoácido	Nome completo	Número de ocorrências	Posições
M	Metionina	16	1,47,69,132,134,160,242,244,264,288,306,313,342,352,362,370
G	Glicina	32	2,14,16,22,29,40,45,58,79,93,95,96,97,113,114,121,140,142,191,198,250,259,269,270,277,307,312,319,334,343,346,353
I	Isoleucina	36	3,11,12,15,18,35,51,67,76,92,94,106,108,116,125,127,151,162,163,171,173,174,180,199,219,236,257,268,282,293,302,308,333,349,355,363
K	Lisina	22	4,5,31,32,49,72,104,126,158,159,165,182,216,224,233,239,240,297,321,345,354,372
F	Fenilalanina	14	6,13,64,65,74,82,148,253,272,274,290,292,299,378
V	Valina	29	7,21,36,41,42,50,57,91,102,122,133,135,145,150,152,168,194,203,205,213,222,230,279,287,310,323,326,369,374
T	Treonina	19	8,63,68,111,137,138,154,155,161,178,181,187,190,196,208,211,234,295,364
P	Prolina	14	9,71,128,130,131,169,176,209,228,273,285,296,336,366
E	Ácido glutâmico	24	10,23,39,43,48,60,75,77,81,87,120,144,200,237,289,304,314,317,324,332,347,351,358,375
S	Serina	28	17,24,37,90,98,117,136,141,143,146,149,164,166,185,189,204,220,223,229,232,246,254,265,275,316,330,340,348
D	Ácido aspártico	19	19,38,73,89,101,118,123,153,170,175,193,212,278,301,309,341,359,368,373
Q	Glutamina	11	20,124,147,157,214,248,325,337,350,376,380
C	Cisteína	5	25,54,78,88,361
L	Leucina	32	26,28,34,59,84,100,109,129,167,179,186,192,195,210,221,226,247,251,258,283,284,305,315,328,329,331,339,344,357,371,377,382
R	Arginina	13	27,55,80,156,227,271,298,311,320,327,338,367,379
A	Alanina	40	30,33,44,56,62,99,103,105,107,110,139,172,188,201,206,207,215,218,231,238,241,243,245,249,252,256,260,261,263,267,281,294,300,303,318,322,335,356,360,381
W	Triptofano	1	46
N	Asparagina	14	52,53,66,70,86,112,177,183,217,235,255,280,291,365
Y	Tirosina	6	61,83,119,202,225,286
H	Histidina	7	85,115,184,197,262,266,276
