Código do aminoácido	Nome completo	Número de ocorrências	Posições
M	Metionina	15	1,7,13,22,40,145,160,179,192,242,251,264,306,357,382
T	Treonina	25	2,4,37,61,72,111,137,138,141,146,152,156,168,187,190,196,205,208,211,228,294,351,364,370,372
S	Serina	18	3,15,17,93,98,99,117,125,143,172,204,257,265,295,330,331,338,368
F	Fenilalanina	10	5,6,64,148,247,253,271,290,363,378
P	Prolina	14	8,69,71,128,131,169,176,183,209,275,285,336,350,366
A	Alanina	61	9,21,24,33,39,47,51,60,67,78,81,85,103,107,110,134,139,142,161,181,185,188,189,194,198,201,206,207,213,215,218,223,229,231,238,243,245,249,252,256,263,281,289,296,297,303,305,315,317,319,321,324,325,347,353,354,356,360,369,376,381
V	Valina	26	10,25,36,50,62,63,76,91,92,122,126,133,163,167,173,199,203,219,230,261,278,287,292,302,310,344
N	Asparagina	17	11,42,55,70,75,86,112,136,166,174,254,255,280,291,309,355,365
L	Leucina	40	12,18,28,34,41,44,46,53,54,57,80,82,83,94,108,130,132,171,178,180,186,195,216,221,226,236,248,258,268,274,282,283,284,299,313,323,329,339,342,352
G	Glicina	32	14,16,19,27,29,45,66,74,79,95,96,97,105,113,114,121,140,191,233,250,259,269,270,277,307,312,318,334,340,343,362,380
E	Ácido glutâmico	16	20,56,115,120,144,154,155,200,220,240,288,308,341,373,375,379
Q	Glutamina	13	23,58,68,87,129,241,246,267,304,311,316,320,371
K	Lisina	18	26,32,43,49,52,73,104,127,159,182,184,217,232,293,328,337,345,358
Y	Tirosina	6	30,119,202,244,260,272
R	Arginina	14	31,77,84,124,147,165,224,227,239,298,300,327,346,367
I	Isoleucina	18	35,59,106,116,135,150,151,158,162,170,210,222,326,333,335,349,374,377
D	Ácido aspártico	21	38,48,65,89,101,118,123,153,164,175,177,193,212,234,235,273,301,314,332,348,359
C	Cisteína	9	88,90,102,109,149,214,279,322,361
H	Histidina	9	100,157,197,225,237,262,266,276,286
