Código do aminoácido	Nome completo	Número de ocorrências	Posições
M	Metionina	8	1,26,189,192,203,211,245,291
T	Treonina	25	2,13,15,18,46,54,73,136,137,144,150,176,179,187,221,279,283,287,293,315,340,341,343,354,367
S	Serina	27	3,4,9,25,28,49,81,96,108,113,139,153,160,167,186,198,226,243,246,256,261,263,273,280,302,314,317
A	Alanina	45	5,7,27,29,35,36,39,42,69,72,84,98,103,112,115,133,140,141,147,158,162,163,165,173,191,195,210,214,215,228,242,270,285,292,295,306,326,328,330,352,353,356,359,368,369
I	Isoleucina	23	6,34,77,83,86,100,101,116,120,132,134,145,170,216,233,234,241,274,294,310,329,355,370
G	Glicina	30	8,11,22,24,38,47,71,78,85,89,105,106,107,125,126,146,148,154,168,188,259,265,269,275,277,316,320,337,361,362
Y	Tirosina	15	10,20,21,70,118,128,143,149,200,213,222,255,272,371,382
W	Triptofano	5	12,75,184,244,248
D	Ácido aspártico	21	14,55,68,91,99,111,127,151,172,193,218,229,296,299,319,321,327,335,351,364,380
L	Leucina	41	16,30,33,37,43,50,64,117,129,138,164,171,175,177,183,185,199,208,219,223,239,247,250,252,258,260,264,268,282,284,290,303,307,318,325,332,336,338,342,377,381
K	Lisina	27	17,32,40,48,53,59,65,88,94,114,130,156,209,227,238,251,254,267,300,305,312,339,346,358,363,365,376
V	Valina	26	19,44,45,56,57,60,63,90,102,104,110,157,159,169,196,204,235,288,322,324,333,347,360,374,375,378
P	Prolina	20	23,31,82,109,135,166,178,180,202,205,206,207,224,230,249,257,286,313,348,366
R	Arginina	11	41,58,87,124,182,190,201,236,271,308,349
H	Histidina	10	51,67,80,194,262,266,276,289,323,345
Q	Glutamina	14	52,62,121,131,225,231,237,240,297,304,331,344,372,373
E	Ácido glutâmico	20	61,66,76,79,92,122,123,142,152,174,181,197,217,253,298,301,334,350,357,379
F	Fenilalanina	6	74,93,119,220,278,309
N	Asparagina	6	95,97,155,161,232,311
C	Cisteína	2	212,281
